              precision    recall  f1-score   support

         boy       0.92      0.89      0.90        37
     brother       0.66      0.50      0.57        38
         bye       0.83      0.88      0.85        40
         cry       0.69      0.82      0.75        38
       drink       0.89      0.78      0.83        40
      finish       0.86      0.82      0.84        38
        food       0.80      0.97      0.88        38
        girl       0.67      0.86      0.76        36
       hello       0.68      0.84      0.75        38
        home       0.94      0.84      0.89        38
         hot       0.75      0.65      0.70        37
      hungry       0.73      0.89      0.80        36
        like       0.74      0.74      0.74        35
         mad       0.85      0.72      0.78        39
        milk       0.94      0.86      0.90        36
         mom       0.84      0.67      0.74        39
          no       0.85      0.97      0.91        35
         now       0.86      0.91      0.89        35
        open       0.73      0.82      0.77        33
      please       0.89      0.84      0.86        37
         sad       0.79      0.87      0.83        39
         see       0.95      0.97      0.96        38
     thirsty       0.81      0.65      0.72        34
    tomorrow       0.86      0.66      0.75        38
        wait       0.80      0.85      0.82        33
       water       0.97      0.89      0.93        38
       where       0.80      0.69      0.74        35
         who       0.78      0.88      0.82        40
         yes       0.91      0.79      0.85        38
   yesterday       0.74      0.87      0.80        39

    accuracy                           0.81      1115
   macro avg       0.82      0.81      0.81      1115
weighted avg       0.82      0.81      0.81      1115
