              precision    recall  f1-score   support

         boy       0.89      0.92      0.91        37
     brother       0.89      0.84      0.86        38
         bye       0.93      0.95      0.94        40
         cry       0.71      0.76      0.73        38
       drink       0.86      0.80      0.83        40
      finish       0.97      0.92      0.95        38
        food       0.95      0.97      0.96        38
        girl       0.78      0.86      0.82        36
       hello       0.89      0.82      0.85        38
        home       0.92      0.92      0.92        38
         hot       0.84      0.73      0.78        37
      hungry       0.86      0.86      0.86        36
        like       0.89      0.91      0.90        35
         mad       0.85      0.85      0.85        39
        milk       0.90      0.97      0.93        36
         mom       0.84      0.79      0.82        39
          no       0.94      0.94      0.94        35
         now       0.89      0.89      0.89        35
        open       0.74      0.94      0.83        33
      please       0.85      0.89      0.87        37
         sad       0.82      0.79      0.81        39
         see       0.97      0.95      0.96        38
     thirsty       0.81      0.65      0.72        34
    tomorrow       0.89      0.82      0.85        38
        wait       0.79      0.82      0.81        33
       water       1.00      0.92      0.96        38
       where       0.84      0.89      0.86        35
         who       0.80      0.90      0.85        40
         yes       0.97      0.92      0.95        38
   yesterday       0.85      0.87      0.86        39

    accuracy                           0.87      1115
   macro avg       0.87      0.87      0.87      1115
weighted avg       0.87      0.87      0.87      1115
