              precision    recall  f1-score   support

         boy       0.92      0.92      0.92        37
     brother       0.84      0.71      0.77        38
         bye       0.78      0.90      0.84        40
         cry       0.77      0.79      0.78        38
       drink       0.89      0.80      0.84        40
      finish       0.83      0.89      0.86        38
        food       0.92      0.92      0.92        38
        girl       0.76      0.78      0.77        36
       hello       0.83      0.79      0.81        38
        home       0.92      0.89      0.91        38
         hot       0.80      0.76      0.78        37
      hungry       0.82      0.86      0.84        36
        like       0.87      0.77      0.82        35
         mad       0.78      0.82      0.80        39
        milk       0.95      1.00      0.97        36
         mom       0.86      0.77      0.81        39
          no       0.91      0.89      0.90        35
         now       0.86      0.89      0.87        35
        open       0.76      0.88      0.82        33
      please       0.94      0.86      0.90        37
         sad       0.87      0.87      0.87        39
         see       0.97      0.95      0.96        38
     thirsty       0.81      0.74      0.77        34
    tomorrow       0.89      0.82      0.85        38
        wait       0.87      0.79      0.83        33
       water       0.93      0.97      0.95        38
       where       0.82      0.94      0.88        35
         who       0.78      0.90      0.84        40
         yes       0.97      0.89      0.93        38
   yesterday       0.81      0.90      0.85        39

    accuracy                           0.86      1115
   macro avg       0.86      0.86      0.85      1115
weighted avg       0.86      0.86      0.86      1115
