              precision    recall  f1-score   support

         boy       0.84      0.86      0.85        37
     brother       0.81      0.79      0.80        38
         bye       0.79      0.82      0.80        40
         cry       0.79      0.79      0.79        38
       drink       0.86      0.78      0.82        40
      finish       0.92      0.87      0.89        38
        food       0.90      0.95      0.92        38
        girl       0.82      0.78      0.80        36
       hello       0.82      0.82      0.82        38
        home       0.92      0.92      0.92        38
         hot       0.80      0.65      0.72        37
      hungry       0.84      0.86      0.85        36
        like       0.77      0.86      0.81        35
         mad       0.78      0.74      0.76        39
        milk       0.97      0.97      0.97        36
         mom       0.85      0.74      0.79        39
          no       0.92      0.97      0.94        35
         now       0.89      0.91      0.90        35
        open       0.74      0.88      0.81        33
      please       0.86      0.86      0.86        37
         sad       0.89      0.87      0.88        39
         see       0.95      0.97      0.96        38
     thirsty       0.76      0.76      0.76        34
    tomorrow       0.82      0.74      0.78        38
        wait       0.77      0.82      0.79        33
       water       0.95      0.95      0.95        38
       where       0.88      0.86      0.87        35
         who       0.83      0.88      0.85        40
         yes       0.95      0.92      0.93        38
   yesterday       0.76      0.87      0.81        39

    accuracy                           0.85      1115
   macro avg       0.85      0.85      0.85      1115
weighted avg       0.85      0.85      0.85      1115
