              precision    recall  f1-score   support

         boy       0.94      0.81      0.87        37
     brother       0.64      0.66      0.65        38
         bye       0.81      0.95      0.87        40
         cry       0.78      0.74      0.76        38
       drink       0.91      0.72      0.81        40
      finish       0.94      0.79      0.86        38
        food       0.85      0.92      0.89        38
        girl       0.72      0.78      0.75        36
       hello       0.86      0.79      0.82        38
        home       0.90      0.92      0.91        38
         hot       0.81      0.68      0.74        37
      hungry       0.91      0.83      0.87        36
        like       0.84      0.89      0.86        35
         mad       0.80      0.82      0.81        39
        milk       0.94      0.94      0.94        36
         mom       0.82      0.72      0.77        39
          no       1.00      0.89      0.94        35
         now       0.88      0.86      0.87        35
        open       0.65      0.79      0.71        33
      please       0.84      0.86      0.85        37
         sad       0.79      0.79      0.79        39
         see       0.97      0.97      0.97        38
     thirsty       0.69      0.71      0.70        34
    tomorrow       0.76      0.68      0.72        38
        wait       0.75      0.82      0.78        33
       water       0.88      0.97      0.93        38
       where       0.84      0.89      0.86        35
         who       0.66      0.78      0.71        40
         yes       0.92      0.89      0.91        38
   yesterday       0.77      0.87      0.82        39

    accuracy                           0.82      1115
   macro avg       0.83      0.82      0.82      1115
weighted avg       0.83      0.82      0.82      1115
