              precision    recall  f1-score   support

         boy       0.92      0.89      0.90        37
     brother       0.77      0.79      0.78        38
         bye       0.86      0.90      0.88        40
         cry       0.69      0.71      0.70        38
       drink       0.89      0.82      0.86        40
      finish       0.91      0.84      0.88        38
        food       0.95      0.95      0.95        38
        girl       0.84      0.72      0.78        36
       hello       0.80      0.87      0.84        38
        home       0.95      0.92      0.93        38
         hot       0.87      0.70      0.78        37
      hungry       0.84      0.86      0.85        36
        like       0.81      0.83      0.82        35
         mad       0.80      0.82      0.81        39
        milk       0.92      0.97      0.95        36
         mom       0.83      0.74      0.78        39
          no       0.94      0.94      0.94        35
         now       0.94      0.94      0.94        35
        open       0.72      0.88      0.79        33
      please       0.94      0.89      0.92        37
         sad       0.80      0.90      0.84        39
         see       1.00      0.95      0.97        38
     thirsty       0.77      0.71      0.74        34
    tomorrow       0.84      0.71      0.77        38
        wait       0.79      0.82      0.81        33
       water       0.92      0.89      0.91        38
       where       0.86      0.91      0.89        35
         who       0.75      0.90      0.82        40
         yes       0.97      0.89      0.93        38
   yesterday       0.80      0.92      0.86        39

    accuracy                           0.85      1115
   macro avg       0.86      0.85      0.85      1115
weighted avg       0.86      0.85      0.85      1115
