              precision    recall  f1-score   support

         boy       0.89      0.92      0.91        37
     brother       0.82      0.87      0.85        38
         bye       0.73      0.90      0.81        40
         cry       0.78      0.84      0.81        38
       drink       0.80      0.80      0.80        40
      finish       0.94      0.87      0.90        38
        food       0.97      0.97      0.97        38
        girl       0.85      0.78      0.81        36
       hello       0.91      0.76      0.83        38
        home       0.94      0.87      0.90        38
         hot       0.90      0.76      0.82        37
      hungry       0.83      0.81      0.82        36
        like       0.80      0.91      0.85        35
         mad       0.85      0.85      0.85        39
        milk       0.95      1.00      0.97        36
         mom       0.84      0.79      0.82        39
          no       0.91      0.91      0.91        35
         now       0.94      0.91      0.93        35
        open       0.82      0.94      0.87        33
      please       0.91      0.84      0.87        37
         sad       0.85      0.85      0.85        39
         see       0.97      0.95      0.96        38
     thirsty       0.78      0.74      0.76        34
    tomorrow       0.91      0.79      0.85        38
        wait       0.85      0.85      0.85        33
       water       0.97      0.92      0.95        38
       where       0.86      0.89      0.87        35
         who       0.77      0.93      0.84        40
         yes       0.92      0.89      0.91        38
   yesterday       0.88      0.95      0.91        39

    accuracy                           0.87      1115
   macro avg       0.87      0.87      0.87      1115
weighted avg       0.87      0.87      0.87      1115
